seq0_leftend	seq0_rightend	seq1_leftend	seq1_rightend	seq2_leftend	seq2_rightend
-3031532	-3031708	-314075	-314251	0	0
-1927352	-1928713	4968203	4969564	0	0
-3660065	-3660622	-4921999	-4922556	0	0
-3234011	-3234211	-517205	-517405	0	0
-3583479	-3583642	-4845413	-4845576	0	0
-3280117	-3280368	-563311	-563562	0	0
-3427920	-3428220	-4689853	-4690154	0	0
-3426862	-3427164	-4688795	-4689096	0	0
-3347906	-3348207	-630892	-631193	0	0
-992489	-992856	-1018912	-1019279	0	0
-1171553	-1171661	-1197779	-1197887	0	0
1245965	1246515	1272191	1272741	0	0
-2381130	-2382549	-1272742	-1274161	0	0
5079878	5080156	-1453934	-1454212	0	0
4910388	4910564	-1623533	-1623709	0	0
-4488257	-4489660	1923439	1924842	0	0
5222775	5222946	-4532412	-4532583	0	0
-3660623	-3660623	2752476	2752476	0	0
-1974536	-1974919	-2752653	-2753036	0	0
-2181415	-2181607	-2959532	-2959724	0	0
-2230687	-2230946	-3008804	-3009063	0	0
299298	300314	-4267581	-4268597	0	0
-2275875	-2275976	-3053989	-3054090	0	0
5704732	5704846	3709827	3709941	0	0
-2346563	-2346743	-3124677	-3124857	0	0
-2378772	-2379958	-3156886	-3158072	0	0
1704273	1705070	-3173330	-3174127	0	0
1528048	1528228	-3350176	-3350356	0	0
6177193	6179025	5788043	5789875	0	0
6308007	6308212	5918857	5919062	0	0
6458550	6458720	6069400	6069570	0	0
6476083	6476374	6086933	6087224	0	0
6678612	6678781	6291066	6291235	0	0
6690589	6691117	6303043	6303571	0	0
-1708023	-1710132	-6307751	-6309859	0	0
6143383	6143941	-6488670	-6489228	0	0
-663599	-663808	-5626864	-5627073	0	0
-1922689	-1923676	6531056	6532043	0	0
-496156	-496684	-5459421	-5459949	0	0
-3348251	-3349155	6605358	6606262	0	0
-10205	-11520	5456049	5457365	0	0
-117504	-117892	5349654	5350042	0	0
-122564	-123070	5344472	5344982	0	0
-2562536	-2562599	-4994993	-4995056	0	0
-1171662	-1245964	-1197888	-1272190	1	72981
-1121020	-1171552	-1147244	-1197778	72982	123512
-992857	-1120821	-1019280	-1147244	123513	251476
-816954	-992488	-843377	-1018911	251477	427010
-801725	-816953	3158074	3173303	427011	442239
0	0	-5764990	-5765014	442241	442265
-663809	-801724	-5627074	-5764989	442266	580181
-496685	-663598	-5459950	-5626863	580182	747094
-494959	-496155	-5458224	-5459420	747095	748290
-489873	-494958	0	0	748291	753376
-488211	-489406	0	0	753377	754571
1247288	1250540	0	0	754572	757823
1250941	1257160	0	0	757824	764050
4491377	4493551	0	0	769165	771339
4495563	4496775	0	0	771341	772552
4497367	4499545	0	0	772553	774731
4499546	4610658	631194	742307	774732	885845
4610659	4910387	-1623710	-1923438	885846	1185574
4910565	5079877	-1454213	-1623532	1185575	1354894
5080157	5104850	-4970084	-4994777	1354895	1379588
5104851	5222774	-4532584	-4650507	1379589	1497512
5222947	5486180	-4269178	-4532411	1497513	1760746
5486181	5486438	0	0	1760747	1761004
5486439	5486848	-4268767	-4269177	1761005	1761415
5486849	5587027	742612	842790	1761416	1861594
5587028	5698377	3590745	3702094	1861595	1972944
0	0	3702095	3702165	1972945	1973014
0	0	3703003	3703472	1973015	1973484
5698378	5704731	3703473	3709826	1973485	1979837
5704847	6102510	3709942	4107606	1979838	2377501
6102511	6143382	-6489229	-6530100	2377502	2418373
6143942	6155871	-6476740	-6488669	2418374	2430303
0	0	-6476395	-6476739	2430304	2430648
0	0	5765662	5766721	2430649	2431708
6155872	6177192	5766722	5788042	2431709	2453028
6179026	6308006	5789876	5918856	2453029	2582008
6308213	6458549	5919063	6069399	2582009	2732344
6458721	6476082	6069571	6086932	2732345	2749705
6476375	6493997	6087225	6104847	2749706	2767328
0	0	6104848	6105929	2767329	2768410
6493998	6537421	6105930	6149352	2768411	2811833
6537441	6645220	6149353	6257131	2811834	2919613
0	0	6257132	6257674	2919614	2920156
6645221	6678611	6257675	6291065	2920157	2953546
6678782	6690588	6291236	6303042	2953547	2965352
6691118	6695071	6303572	6307525	2965353	2969306
6695072	6696463	0	0	2969307	2970697
6696929	6698124	0	0	2970698	2971892
6698223	6698340	0	0	2971969	2972087
1257523	1261863	0	0	2975489	2979829
1263514	1264785	0	0	2979874	2981144
1269220	1270496	0	0	2981145	2982420
1271062	1275263	0	0	2982421	2986621
1278620	1279659	0	0	2986628	2987666
1281669	1283084	0	0	2987667	2989081
1283676	1285546	0	0	2989082	2990952
1285547	1289771	-3586522	-3590744	2990953	2995176
1291885	1528047	-3350357	-3586520	2995177	3231339
1528229	1704272	-3174128	-3350175	3231340	3407386
-3660624	-4488256	1924843	2752475	3407387	4235020
-3583643	-3660064	-4845577	-4921998	4235021	4311441
-3428221	-3583478	-4690155	-4845412	4311442	4466698
-3427883	-3427919	-4689819	-4689852	4466699	4466734
-3427637	-3427883	0	0	4466735	4466980
-3427509	-3427636	-4689377	-4689504	4466981	4467108
-3427189	-3427509	0	0	4467109	4467428
-3427165	-3427188	-4689097	-4689120	4467429	4467452
-3389341	-3426861	-4651274	-4688794	4467453	4504972
-3387341	-3389340	-6708942	-6710941	4504973	4506972
-3385695	-3387340	0	0	4506973	4508616
-3385264	-3385394	0	0	4508945	4509068
-3380595	-3385122	0	0	4509143	4513670
-3377422	-3380594	6606656	6609828	4513671	4516843
-3376426	-3377421	0	0	4516844	4517839
-3349156	-3376425	6578088	6605357	4517840	4545109
-3329938	-3347905	-612924	-630891	4545110	4563076
-3329728	-3329937	0	0	4563077	4563286
-3280369	-3329727	-563563	-612923	4563287	4612646
-3234212	-3280116	-517406	-563310	4612647	4658551
-3191050	-3234010	-474244	-517204	4658552	4701511
-3190617	-3191049	-473160	-473592	4701512	4701944
-3031709	-3190616	-314252	-473159	4702596	4861504
-2717457	-3031531	-1	-314074	4861505	5175577
-2562600	-2717456	-4995057	-5149913	5175578	5330433
-2382550	-2562320	-1274162	-1453933	5330434	5510204
-2346744	-2378771	-3124858	-3156885	5510205	5542231
-2275977	-2346562	-3054091	-3124676	5542232	5612816
-2230947	-2275874	-3009064	-3053988	5612817	5657743
-2181608	-2230686	-2959725	-3008803	5657744	5706821
-1974920	-2181414	-2753037	-2959531	5706822	5913316
-1928714	-1974358	4922558	4968202	5913317	5958961
300315	459682	-4108203	-4267580	5958962	6118339
459683	482900	5150260	5173477	6118340	6141557
-123071	-294063	5173478	5344471	6141558	6312550
-117893	-122563	5344983	5349653	6312551	6317221
-84838	-117503	5350043	5382708	6317222	6349887
0	0	5382709	5382731	6349888	6349910
-11521	-84837	5382732	5456048	6349911	6423227
-1876648	-1922688	6532044	6578085	6423228	6469268
-1876645	-1876647	0	0	6469269	6469271
-1836802	-1876644	-6436534	-6476394	6469272	6509133
-1710133	-1836801	-6309860	-6436533	6509454	6636125
1262036	1263464	0	0	6640892	6642320
1	10204	0	0	0	0
294064	299297	0	0	0	0
482901	488210	0	0	0	0
489407	489872	0	0	0	0
1120822	1121019	0	0	0	0
1246516	1247287	0	0	0	0
1250541	1250940	0	0	0	0
1257161	1257522	0	0	0	0
1261864	1262035	0	0	0	0
1263465	1263513	0	0	0	0
1264786	1269219	0	0	0	0
1270497	1271061	0	0	0	0
1275264	1278619	0	0	0	0
1279660	1281668	0	0	0	0
1283085	1283675	0	0	0	0
1289772	1291884	0	0	0	0
1705071	1708022	0	0	0	0
1923677	1927351	0	0	0	0
1974359	1974535	0	0	0	0
2379959	2381129	0	0	0	0
2562321	2562535	0	0	0	0
3348208	3348250	0	0	0	0
3385123	3385263	0	0	0	0
3385395	3385694	0	0	0	0
4489661	4491376	0	0	0	0
4493552	4495562	0	0	0	0
4496776	4497366	0	0	0	0
6696464	6696928	0	0	0	0
6698125	6698222	0	0	0	0
0	0	473593	474243	0	0
0	0	742308	742611	0	0
0	0	842791	843376	0	0
0	0	2752477	2752652	0	0
0	0	3173304	3173329	0	0
0	0	3702166	3703002	0	0
0	0	4107607	4108202	0	0
0	0	4268598	4268766	0	0
0	0	4650508	4651273	0	0
0	0	4689121	4689376	0	0
0	0	4689505	4689818	0	0
0	0	4969565	4970083	0	0
0	0	4994778	4994992	0	0
0	0	5149914	5150259	0	0
0	0	5457366	5458223	0	0
0	0	5765015	5765661	0	0
0	0	6307526	6307750	0	0
0	0	6530101	6531055	0	0
0	0	6606263	6606655	0	0
0	0	6609829	6708941	0	0
0	0	0	0	764051	769164
0	0	0	0	2971893	2971968
0	0	0	0	2972088	2975488
0	0	0	0	2979830	2979873
0	0	0	0	4508617	4508944
0	0	0	0	4509069	4509142
0	0	0	0	4701945	4702595
0	0	0	0	6509134	6509453
0	0	0	0	6636126	6640891
